0001
0001
0090
JE  
09/14/20
APPLY BEER & WINE P.O.
N
  0
FA:    1    1   99 2153            4.00
FA:    1   50   99 2153           95.88
FA:    1    6   99 2153          200.60
FA:    1    6   99 2153           52.44
FA:    1    6   99 2153        10000.00
FA:    1    6   99 2153        10000.00
FA:    1    6   99 2153         6333.80
FA:    1   17   99 2153          110.50
FA:    1   18   99 2153          467.00
FA:    1   18   99 2153          467.00
FA:    1   18   99 2153          467.00
FA:    1   18   99 2153          467.00
FA:    1   18   99 2153          467.00
FA:    1   18   99 2153          411.38
FA:    1   18   99 2153         7781.41
FA:    1   25   99 2153            9.89
FA:    1   27   99 2153           48.00
FA:    1   27   99 2153          360.00
FA:    1   27   99 2153          300.00
FA:    1   27   99 2153          443.00
FA:    1   28   99 2153         1721.41
FA:    1   28   99 2153           30.30
FA:    1   46   99 2153           45.45
FA:    1    5   99 2153           15.00
FA:    1    5   99 2153            1.05
FA:    1   11   99 2153           62.02
FA:    1   15   99 2153          689.56
FA:    1   15   99 2153          200.00
FA:    1   14   99 2153         1811.86
FA:    1   34   99 2153          967.00
FA:    1   34   99 2153          967.00
FA:    1   34   99 2153          460.93
FA:    1   90   99 2146       -45457.48
END:
0001
0001
0090
JE  
09/14/20
APPLY MONEY ORDER COMMISION
N
  0
FA:    1    1   99 4520            0.14
FA:    1   50   99 4520            0.14
FA:    1    6   99 4520            0.70
FA:    1   17   99 4520            0.14
FA:    1   18   99 4520            0.98
FA:    1   25   99 4520            0.14
FA:    1   27   99 4520            0.56
FA:    1   28   99 4520            0.28
FA:    1   46   99 4520            0.14
FA:    1    5   99 4520            0.28
FA:    1   11   99 4520            0.14
FA:    1   15   99 4520            0.28
FA:    1   14   99 4520            0.14
FA:    1   34   99 4520            0.42
FA:    1   90   99 2146           -4.48
END:
0001
0001
0090
JE  
09/13/20
APPLY MONEY ORDER COMMISION
N
  0
FA:    1    4   99 4520           -0.55
FA:    1    8   99 4520           -0.55
FA:    1    9   99 4520           -3.30
FA:    1   10   99 4520           -3.30
FA:    1   19   99 4520           -1.10
FA:    1   25   99 4520           -1.70
FA:    1   36   99 4520           -0.55
FA:    1   42   99 4520           -4.40
FA:    1    5   99 4520           -0.55
FA:    1   11   99 4520           -0.55
FA:    1   35   99 4520           -2.58
FA:    1   14   99 4520           -1.65
FA:    1   34   99 4520           -4.95
FA:    1   40   99 4520           -1.65
FA:    1   90   99 2146           27.38
END:
0001
0001
0090
JE  
09/12/20
APPLY MONEY ORDER COMMISION
N
  0
FA:    1    4   99 4520           -0.55
FA:    1    6   99 4520           -0.55
FA:    1    8   99 4520           -2.20
FA:    1    9   99 4520           -2.20
FA:    1   10   99 4520           -1.10
FA:    1   16   99 4520           -1.65
FA:    1   17   99 4520           -1.10
FA:    1   18   99 4520           -0.55
FA:    1   25   99 4520           -0.85
FA:    1   27   99 4520           -0.55
FA:    1   28   99 4520           -2.20
FA:    1   36   99 4520           -2.20
FA:    1   37   99 4520           -1.10
FA:    1   42   99 4520           -2.20
FA:    1   46   99 4520           -1.65
FA:    1    5   99 4520           -0.55
FA:    1   11   99 4520           -1.10
FA:    1   35   99 4520           -5.16
FA:    1   34   99 4520           -5.50
FA:    1   40   99 4520           -1.65
FA:    1   90   99 2146           34.61
END:
