0001
0001
0090
JE  
07/21/21
APPLY BEER & WINE P.O.
N
  0
FA:    1   30   99 2153         1710.57
FA:    1   33   99 2153          701.11
FA:    1   17   99 2153          832.88
FA:    1   90   99 2146        -3244.56
END:
0001
0001
0090
JE  
07/21/21
APPLY MONEY ORDER COMMISION
N
  0
FA:    1   40   99 4520           -6.80
FA:    1   25   99 4520           -1.70
FA:    1   27   99 4520           -0.85
FA:    1   28   99 4520           -2.55
FA:    1   30   99 4520            0.14
FA:    1   33   99 4520           -2.41
FA:    1   36   99 4520           -5.10
FA:    1   37   99 4520           -0.85
FA:    1   42   99 4520           -0.85
FA:    1   46   99 4520           -1.70
FA:    1   10   99 4520           -0.85
FA:    1   50   99 4520           -0.85
FA:    1    7   99 4520           -0.85
FA:    1   11   99 4520           -5.95
FA:    1   15   99 4520           -4.25
FA:    1   35   99 4520           -3.40
FA:    1    4   99 4520           -1.70
FA:    1    8   99 4520           -1.70
FA:    1    9   99 4520           -1.70
FA:    1   17   99 4520            0.14
FA:    1   16   99 4520           -0.85
FA:    1   90   99 2146           44.63
END:
0001
0001
0090
JE  
07/20/21
APPLY MONEY ORDER COMMISION
N
  0
FA:    1   35   99 4520           -1.70
FA:    1   90   99 2146            1.70
END:
0001
0001
0090
JE  
07/19/21
APPLY MONEY ORDER COMMISION
N
  0
FA:    1   11   99 4520           -5.10
FA:    1   35   99 4520           -3.40
FA:    1   90   99 2146            8.50
END:
